[gd_scene load_steps=20 format=2]

[ext_resource path="res://Shaders/vhs_glicth.shader" type="Shader" id=1]
[ext_resource path="res://Characters/Street/Beggar.tscn" type="PackedScene" id=2]
[ext_resource path="res://Characters/Street/Shorty.tscn" type="PackedScene" id=3]
[ext_resource path="res://Characters/NWorld/drat.tscn" type="PackedScene" id=4]
[ext_resource path="res://Characters/Under/Spawn.tscn" type="PackedScene" id=5]
[ext_resource path="res://Characters/Street/Dizzy.tscn" type="PackedScene" id=6]
[ext_resource path="res://Characters/NWorld/JohnDoe.tscn" type="PackedScene" id=7]
[ext_resource path="res://Characters/Zombie/female_z.tscn" type="PackedScene" id=8]
[ext_resource path="res://Characters/Zombie/male_z.tscn" type="PackedScene" id=9]
[ext_resource path="res://Showcase2.gd" type="Script" id=10]
[ext_resource path="res://Characters/Popcorn/Popcorn.tscn" type="PackedScene" id=11]
[ext_resource path="res://Characters/Popcorn/Nanzy.tscn" type="PackedScene" id=12]

[sub_resource type="CubeMesh" id=17]
size = Vector3( 20, 1, 20 )

[sub_resource type="SpatialMaterial" id=18]
albedo_color = Color( 0.192157, 0.368627, 0.188235, 1 )
metallic_specular = 0.0

[sub_resource type="ProceduralSky" id=15]
radiance_size = 1
texture_size = 1

[sub_resource type="Environment" id=16]
background_mode = 2
background_sky = SubResource( 15 )

[sub_resource type="ShaderMaterial" id=1]
shader = ExtResource( 1 )
shader_param/range = 0.01
shader_param/noiseQuality = 128.0
shader_param/noiseIntensity = 0.004
shader_param/offsetIntensity = 0.005
shader_param/colorOffsetIntensity = 0.5

[sub_resource type="Animation" id=19]
length = 0.001
tracks/0/type = "value"
tracks/0/path = NodePath("Camera_Base:rotation_degrees")
tracks/0/interp = 1
tracks/0/loop_wrap = true
tracks/0/imported = false
tracks/0/enabled = true
tracks/0/keys = {
"times": PoolRealArray( 0 ),
"transitions": PoolRealArray( 1 ),
"update": 0,
"values": [ Vector3( 0, 0, 0 ) ]
}
tracks/1/type = "value"
tracks/1/path = NodePath("CanvasLayer/Control/Label:visible")
tracks/1/interp = 1
tracks/1/loop_wrap = true
tracks/1/imported = false
tracks/1/enabled = true
tracks/1/keys = {
"times": PoolRealArray( 0 ),
"transitions": PoolRealArray( 1 ),
"update": 1,
"values": [ true ]
}

[sub_resource type="Animation" id=20]
resource_name = "TurnAround"
length = 16.0
loop = true
tracks/0/type = "value"
tracks/0/path = NodePath("Camera_Base:rotation_degrees")
tracks/0/interp = 1
tracks/0/loop_wrap = true
tracks/0/imported = false
tracks/0/enabled = true
tracks/0/keys = {
"times": PoolRealArray( 0, 16 ),
"transitions": PoolRealArray( 1, 1 ),
"update": 0,
"values": [ Vector3( 0, 0, 0 ), Vector3( 0, 360, 0 ) ]
}
tracks/1/type = "value"
tracks/1/path = NodePath("CanvasLayer/Control/Label:visible")
tracks/1/interp = 1
tracks/1/loop_wrap = true
tracks/1/imported = false
tracks/1/enabled = true
tracks/1/keys = {
"times": PoolRealArray( 0, 1, 2, 3.1, 4, 5, 6, 7.1, 8, 9, 10, 11.1, 12, 13, 14, 15.1 ),
"transitions": PoolRealArray( 1, 1, 1, 1, 1, 1, 1, 1, 1, 1, 1, 1, 1, 1, 1, 1 ),
"update": 1,
"values": [ true, false, true, false, true, false, true, false, true, false, true, false, true, false, true, false ]
}

[node name="Showcase" type="Spatial"]
script = ExtResource( 10 )

[node name="Timer" type="Timer" parent="."]
wait_time = 32.0
autostart = true

[node name="Floor" type="MeshInstance" parent="."]
transform = Transform( 1, 0, 0, 0, 1, 0, 0, 0, 1, 0, -0.5, 0 )
mesh = SubResource( 17 )
software_skinning_transform_normals = false
material/0 = SubResource( 18 )

[node name="Chars" type="Spatial" parent="."]

[node name="drat" parent="Chars" instance=ExtResource( 4 )]
transform = Transform( 1, 0, 0, 0, 1, 0, 0, 0, 1, 0.0939252, 0, -2.39433 )

[node name="JohnDoe" parent="Chars" instance=ExtResource( 7 )]
transform = Transform( 0.185015, 0, -0.982736, 0, 1, 0, 0.982736, 0, 0.185015, -1.72242, 0, -1.83081 )

[node name="Popcorn" parent="Chars" instance=ExtResource( 11 )]
transform = Transform( 0.7, 0, 0, 0, 0.7, 0, 0, 0, 0.7, 0.0367422, 0, -0.124284 )

[node name="Nanzy" parent="Chars" instance=ExtResource( 12 )]
transform = Transform( 0.7, 0, 0, 0, 0.7, 0, 0, 0, 0.7, -0.361839, 0, -0.8653 )

[node name="beggar" parent="Chars" instance=ExtResource( 2 )]
transform = Transform( 0.775606, 0, -0.631217, 0, 1, 0, 0.631217, 0, 0.775606, -1.65601, 0, 0 )

[node name="Dizzy" parent="Chars" instance=ExtResource( 6 )]
transform = Transform( 0.701917, 0, 0.712259, 0, 1, 0, -0.712259, 0, 0.701917, 1.97225, 0, 0 )

[node name="shorty" parent="Chars" instance=ExtResource( 3 )]
transform = Transform( -0.975734, 0, -0.218961, 0, 1, 0, 0.218961, 0, -0.975734, 0, 0, -4.26077 )

[node name="Spawn" parent="Chars" instance=ExtResource( 5 )]
transform = Transform( 0.00191982, 0, 0.999998, 0, 1, 0, -0.999998, 0, 0.00191982, 1.96336, 0, -2.03503 )

[node name="male_z" parent="Chars" instance=ExtResource( 9 )]
transform = Transform( -0.581044, 0, 0.813872, 0, 1, 0, -0.813872, 0, -0.581044, 1.62985, 0.0451159, -3.75009 )

[node name="female_z" parent="Chars" instance=ExtResource( 8 )]
transform = Transform( -0.550795, 0, -0.580194, 0, 0.8, 0, 0.580194, 0, -0.550795, -1.47189, 0, -3.96297 )

[node name="Camera_Base" type="Spatial" parent="."]
transform = Transform( 1, 0, 0, 0, 1, 0, 0, 0, 1, 0, 0, -2.28015 )

[node name="Camera" type="Camera" parent="Camera_Base"]
transform = Transform( 1, 0, 0, 0, 0.985547, 0.169401, 0, -0.169401, 0.985547, 0, 1.9518, 4.55067 )

[node name="DirectionalLight" type="DirectionalLight" parent="."]
transform = Transform( 0.699489, -0.429595, 0.571107, 0, 0.79915, 0.601132, -0.714644, -0.420485, 0.558996, 5.18999, 3.88016, 3.30352 )
light_energy = 0.5
shadow_enabled = true
directional_shadow_mode = 0

[node name="WorldEnvironment" type="WorldEnvironment" parent="."]
environment = SubResource( 16 )

[node name="CanvasLayer" type="CanvasLayer" parent="."]

[node name="Control" type="Control" parent="CanvasLayer"]
anchor_right = 1.0
anchor_bottom = 1.0

[node name="ColorRect" type="ColorRect" parent="CanvasLayer/Control"]
material = SubResource( 1 )
anchor_right = 1.0
anchor_bottom = 1.0

[node name="Label" type="Label" parent="CanvasLayer/Control"]
margin_left = 10.0
margin_top = 48.0
margin_right = 44.0
margin_bottom = 62.0
rect_rotation = -33.0
rect_scale = Vector2( 3, 3 )
custom_colors/font_color = Color( 0.913725, 0.847059, 0.145098, 1 )
text = "FREE"

[node name="AnimationPlayer" type="AnimationPlayer" parent="."]
autoplay = "TurnAround"
anims/RESET = SubResource( 19 )
anims/TurnAround = SubResource( 20 )

[connection signal="timeout" from="Timer" to="." method="_on_Timer_timeout"]
